1	2792
2	2784
3	2804
4	2759
5	2748
6	2875
7	2911
8	2810
9	2642
10	2745
11	2696
12	2748
13	2880
14	2953
15	2885
16	2886
17	2862
18	2810
19	2819
20	2802
21	2783
22	2773
23	2783
24	2903
25	2969
26	2883
27	2829
28	2807
29	2883
30	2881
31	2936
32	2876
33	2804
34	2769
35	2764
36	2846
37	2941
38	2949
39	3071
40	2977
41	2925
42	2930
43	2876
44	2787
45	2826
46	2791
47	2894
48	2948
49	3059
50	3022
51	2987
52	2920
53	2945
54	2941
55	2926
56	2954
57	2895
58	2889
59	2896
60	3061
61	3036
62	3021
63	3052
64	3034
65	2943
66	3019
67	2919
68	2935
69	2837
70	2852
71	2947
72	3104
73	3183
74	3140
75	3117
76	3041
77	2935
78	2986
79	2965
80	2894
81	2970
82	2936
83	3106
84	3205
85	3118
86	3167
87	3014
88	3034
89	3006
90	2960
91	2977
92	3031
93	3022
94	3037
95	3074
96	3172
97	3162
98	3199
99	3170
100	3082
101	2952
102	3030
103	3027
104	3044
105	3034
106	3112
107	3124
108	3241
109	3206
110	3240
111	3219
112	3071
113	3054
114	3026
115	3070
116	3158
117	3164
118	3187
119	3182
120	3243
121	3285
122	3299
123	3304
124	3112
125	3108
126	3093
127	3190
128	3216
129	3219
130	3199
131	3248
132	3291
133	3360
134	3417
135	3327
136	3173
137	3055
138	3177
139	3208
140	3185
141	3273
142	3295
143	3266
144	3368
145	3399
146	3354
147	3425
148	3187
149	3201
150	3198
151	3339
152	3379
153	3293
154	3318
155	3356
156	3466
157	3458
158	3435
159	3341
160	3265
161	3165
162	3264
163	3305
164	3352
165	3354
166	3272
167	3380
168	3469
169	3496
170	3458
171	3355
172	3345
173	3233
174	3297
175	3459
176	3528
177	3564
178	3411
179	3502
180	3538
181	3586
182	3585
183	3383
184	3404
185	3384
186	3401
187	3481
188	3490
189	3469
190	3512
191	3486
192	3606
193	3677
194	3616
195	3532
196	3442
197	3461
198	3472
199	3505
200	3604
201	3687
202	3618
203	3640
204	3619
205	3657
206	3622
207	3462
208	3473
209	3513
210	3604
211	3660
212	3605
213	3566
214	3628
215	3664
216	3740
217	3685
218	3644
219	3638
220	3585
221	3511
222	3590
223	3681
224	3716
225	3695
226	3749
227	3735
228	3805
229	3785
230	3709
231	3675
232	3607
233	3646
234	3628
235	3639
236	3744
237	3776
238	3683
239	3818
240	3783
241	3907
242	3831
243	3786
244	3782
245	3731
246	3703
247	3800
248	3756
249	3904
250	3913
251	3861
252	3944
253	3941
254	3943
255	3869
256	3879
257	3743
258	3753
259	3818
260	3838
261	3936
262	3852
263	3882
264	3872
265	3846
266	3944
267	4015
268	3845
269	3857
270	3829
271	3803
272	3812
273	3979
274	3947
275	4006
276	3911
277	4018
278	3972
279	4095
280	3941
281	3918
282	3823
283	3827
284	3966
285	4025
286	4108
287	4121
288	4047
289	3990
290	4011
291	4010
292	4113
293	3982
294	3896
295	3937
296	4017
297	4124
298	4116
299	4166
300	4090
301	4051
302	4111
303	4097
304	4076
305	3930
306	3935
307	3980
308	3949
309	4222
310	4162
311	4121
312	4090
313	4113
314	4080
315	4100
316	4185
317	4053
318	3989
319	4012
320	4058
321	4180
322	4189
323	4128
324	4276
325	4194
326	4175
327	4240
328	4146
329	4042
330	3947
331	3967
332	4080
333	4147
334	4247
335	4275
336	4157
337	4126
338	4132
339	4134
340	4061
341	4034
342	4036
343	4011
344	4145
345	4213
346	4259
347	4316
348	4216
349	4197
350	4218
351	4245
352	4196
353	4119
354	3938
355	4041
356	4047
357	4196
358	4292
359	4399
360	4341
361	4317
362	4231
363	4240
364	4146
365	4132
366	4166
367	4252
368	4381
369	4417
370	4471
371	4463
372	4443
373	4458
374	4369
375	4397
376	4424
377	4312
378	4316
379	4246
380	4301
381	4421
382	4585
383	4602
384	4573
385	4533
386	4419
387	4365
388	4328
389	4241
390	4261
391	4336
392	4386
393	4535
394	4643
395	4693
396	4725
397	4541
398	4443
399	4350
400	4339
401	4385
402	4464
403	4501
404	4541
405	4500
406	4500
407	4654
408	4663
409	4699
410	4605
411	4471
412	4411
413	4452
414	4526
415	4497
416	4484
417	4563
418	4618
419	4725
420	4737
421	4805
422	4548
423	4490
424	4445
425	4426
426	4574
427	4571
428	4593
429	4586
430	4661
431	4678
432	4777
433	4677
434	4701
435	4491
436	4478
437	4598
438	4629
439	4759
440	4610
441	4578
442	4671
443	4753
444	4894
445	4837
446	4697
447	4558
448	4408
449	4580
450	4528
451	4687
452	4773
453	4656
454	4639
455	4742
456	4815
457	4903
458	4738
459	4660
460	4516
461	4548
462	4652
463	4879
464	4872
465	4849
466	4811
467	4799
468	4960
469	4982
470	4875
471	4797
472	4691
473	4620
474	4738
475	4930
476	4883
477	4780
478	4744
479	4791
480	4877
481	4944
482	4899
483	4717
484	4632
485	4673
486	4704
487	4854
488	4843
489	4787
490	4901
491	4866
492	4963
493	4983
494	4910
495	4783
496	4738
497	4767
498	4711
499	4765
500	4918
501	4995
502	4809
503	4849
504	4877
505	4947
506	5020
507	4932
508	4798
509	4798
510	4764
511	4851
512	4949
513	5089
514	5012
515	5001
516	5040
517	5062
518	5010
519	4976
520	5005
521	4887
522	4957
523	4932
524	5059
525	5017
526	4998
527	4955
528	5022
529	5180
530	5055
531	5061
532	5011
533	4924
534	4931
535	4846
536	4974
537	4994
538	4975
539	5015
540	5099
541	5032
542	5103
543	5152
544	5183
545	5030
546	5004
547	4978
548	4987
549	5039
550	5057
551	5112
552	5126
553	5088
554	5105
555	5116
556	5186
557	5107
558	5043
559	5042
560	4942
561	5015
562	5132
563	5144
564	5070
565	5126
566	5125
567	5065
568	5186
569	5142
570	5104
571	5081
572	5115
573	5024
574	5041
575	5252
576	5201
577	5154
578	5118
579	5179
580	5139
581	5192
582	5154
583	5141
584	4954
585	5032
586	5097
587	5262
588	5308
589	5228
590	5172
591	5135
592	5218
593	5290
594	5226
595	5163
596	5021
597	5068
598	5129
599	5317
600	5250
601	5244
602	5183
603	5121
604	5226
605	5298
606	5386
607	5236
608	5103
609	5131
610	5119
611	5281
612	5473
613	5458
614	5351
615	5374
616	5255
617	5474
618	5482
619	5455
620	5297
621	5273
622	5202
623	5422
624	5434
625	5590
626	5550
627	5285
628	5408
629	5367
630	5542
631	5529
632	5433
633	5165
634	5359
635	5356
636	5502
637	5647
638	5544
639	5471
640	5417
641	5505
642	5500
643	5506
644	5413
645	5363
646	5207
647	5356
648	5301
649	5542
650	5519
651	5424
652	5341
653	5335
654	5316
655	5262
656	5204
657	4978
658	5042
659	4864
660	5078
661	5129
662	5112
663	5050
664	4946
665	4785
666	4721
667	4637
668	4589
669	4394
670	4213
671	4088
672	3973
673	3906
674	3834
675	3701
676	3407
677	3233
678	2973
679	2736
680	2500
681	2283
682	2060
683	1960
684	1843
685	1839
686	1838
687	1967
688	2038
689	2236
690	2467
691	2655
692	2925
693	3123
694	3352
695	3672
696	3891
697	4148
698	4325
699	4667
700	4711
701	4849
702	4950
703	5017
704	5102
705	5216
706	5319
707	5507
708	5413
709	5488
710	5762
711	5752
712	5894
713	5980
714	5941
715	5937
716	5847
717	5936
718	5908
719	6221
720	6160
721	6317
722	6274
723	6318
724	6313
725	6325
726	6400
727	6253
728	6251
729	6069
730	6258
731	6328
732	6433
733	6553
734	6501
735	6368
736	6384
737	6514
738	6554
739	6555
740	6564
741	6447
742	6436
743	6516
744	6800
745	6714
746	6757
747	6700
748	6672
749	6713
750	6908
751	6962
752	6772
753	6538
754	6503
755	6657
756	6858
757	6941
758	7005
759	6866
760	6806
761	6860
762	6982
763	7135
764	7081
765	6911
766	6855
767	6916
768	6957
769	7083
770	7119
771	7121
772	7046
773	7087
774	7084
775	7317
776	7286
777	7094
778	6889
779	6819
780	6850
781	7227
782	7349
783	7367
784	7233
785	7131
786	7073
787	7253
788	7300
789	7234
790	7142
791	6990
792	7041
793	7162
794	7521
795	7396
796	7364
797	7214
798	7258
799	7251
800	7347
801	7312
802	7300
803	7130
804	7176
805	7170
806	7372
807	7465
808	7270
809	7289
810	7162
811	7234
812	7317
813	7420
814	7315
815	7170
816	7042
817	7129
818	7306
819	7268
820	7465
821	7191
822	7134
823	7072
824	7158
825	7298
826	7179
827	7138
828	7119
829	7003
830	6940
831	7061
832	7196
833	7001
834	7051
835	6913
836	7141
837	7207
838	7060
839	7038
840	7021
841	6968
842	7001
843	7121
844	7074
845	7115
846	7071
847	7135
848	7076
849	7074
850	7070
851	7023
852	7115
853	7024
854	7078
855	6972
856	7144
857	7128
858	7151
859	7162
860	7137
861	7074
862	7136
863	7053
864	7219
865	7110
866	7111
867	7190
868	7153
869	7186
870	7275
871	7418
872	7470
873	7506
874	7177
875	7298
876	7245
877	7467
878	7476
879	7372
880	7548
881	7417
882	7336
883	7617
884	7670
885	7709
886	7696
887	7598
888	7666
889	7646
890	7728
891	7646
892	7781
893	7745
894	7628
895	7810
896	7877
897	8011
898	8041
899	7970
900	7677
901	7927
902	8038
903	7925
904	7959
905	7958
906	7922
907	7825
908	7996
909	8183
910	8089
911	8109
912	7847
913	7700
914	7979
915	8007
916	8083
917	7957
918	7764
919	7886
920	7812
921	8095
922	8101
923	8063
924	7702
925	7593
926	7649
927	7701
928	7726
929	7819
930	7730
931	7682
932	7579
933	7809
934	7796
935	7904
936	7838
937	7730
938	7648
939	7619
940	7748
941	7988
942	7847
943	7705
944	7762
945	7767
946	7893
947	8215
948	8183
949	8041
950	7906
951	7884
952	8016
953	7959
954	8008
955	7982
956	7887
957	7755
958	7858
959	7890
960	8056
961	7975
962	7876
963	7743
964	7710
965	7593
966	7764
967	7817
968	7929
969	7716
970	7705
971	8063
972	8022
973	8137
974	7998
975	7912
976	7835
977	7723
978	7943
979	7922
980	7907
981	7866
982	7870
983	7964
984	8035
985	8036
986	8153
987	8004
988	7794
989	7808
990	7909
991	7910
992	8057
993	8025
994	7857
995	7851
996	7977
997	8013
998	8005
999	7848
1000	8044
1001	8128
1002	8108
1003	8110
1004	8288
1005	8219
1006	8111
1007	8075
1008	8083
1009	8110
1010	8348
1011	8521
1012	8390
1013	8317
1014	8261
1015	8415
1016	8196
1017	8323
1018	8340
1019	8501
1020	8516
1021	8620
1022	8604
1023	8626
1024	8687
1025	8521
1026	8518
1027	8390
1028	8266
1029	8348
1030	8485
1031	8564
1032	8467
1033	8578
1034	8712
1035	8405
1036	8556
1037	8371
1038	8392
1039	8351
1040	8549
1041	8375
1042	8428
1043	8611
1044	8639
1045	8800
1046	8853
1047	8693
1048	8606
1049	8625
1050	8725
1051	8752
1052	8763
1053	8493
1054	8435
1055	8367
1056	8617
1057	8672
1058	8713
1059	8835
1060	8708
1061	8514
1062	8601
1063	8602
1064	8794
1065	8513
1066	8343
1067	8390
1068	8466
1069	8654
1070	8827
1071	8943
1072	8841
1073	8526
1074	8332
1075	8292
1076	8587
1077	8760
1078	8555
1079	8196
1080	8271
1081	8595
1082	8770
1083	8941
1084	8975
1085	8896
1086	8659
1087	8720
1088	8881
1089	8966
1090	8774
1091	8647
1092	8493
1093	8550
1094	8790
1095	8905
1096	9169
1097	9118
1098	8787
1099	8748
1100	8713
1101	8530
1102	8745
1103	8908
1104	8872
1105	8752
1106	8730
1107	8995
1108	9146
1109	9363
1110	9196
1111	8963
1112	8827
1113	8802
1114	8830
1115	8533
1116	8170
1117	8350
1118	8615
1119	8577
1120	8814
1121	9010
1122	8842
1123	8737
1124	8693
1125	8904
1126	8918
1127	9055
1128	8787
1129	8428
1130	8594
1131	8942
1132	9069
1133	9238
1134	9494
1135	9432
1136	9272
1137	9143
1138	9162
1139	9175
1140	9244
1141	9296
1142	9099
1143	8968
1144	8917
1145	9041
1146	9368
1147	9354
1148	9525
1149	9342
1150	9271
1151	9123
1152	9167
1153	9346
1154	9204
1155	9098
1156	8937
1157	9135
1158	9208
1159	9296
1160	9342
1161	9292
1162	9213
1163	9015
1164	8885
1165	9085
1166	9036
1167	9016
1168	8648
1169	8179
1170	8533
1171	9055
1172	9322
1173	9480
1174	9381
1175	9471
1176	9394
1177	9382
1178	9357
1179	9295
1180	9323
1181	9436
1182	9177
1183	9145
1184	9195
1185	9060
1186	9499
1187	9529
1188	9500
1189	9251
1190	9322
1191	9465
1192	9474
1193	9540
1194	9631
1195	9622
1196	9529
1197	9511
1198	9726
1199	9841
1200	9893
1201	9920
1202	9894
1203	9704
1204	9722
1205	9689
1206	9775
1207	9753
1208	9943
1209	9805
1210	9768
1211	9795
1212	9993
1213	10096
1214	10098
1215	10013
1216	9695
1217	9536
1218	9681
1219	9703
1220	9967
1221	9986
1222	9821
1223	9718
1224	9566
1225	9746
1226	10041
1227	10133
1228	10129
1229	9960
1230	9895
1231	9795
1232	10032
1233	10031
1234	10053
1235	9881
1236	9816
1237	9479
1238	9664
1239	9980
1240	9999
1241	9959
1242	9680
1243	9589
1244	9755
1245	9715
1246	9677
1247	9200
1248	9068
1249	9510
1250	9796
1251	9892
1252	10180
1253	10275
1254	9983
1255	9812
1256	9776
1257	9861
1258	10065
1259	10037
1260	10059
1261	9927
1262	9759
1263	9975
1264	10304
1265	10240
1266	10270
1267	9864
1268	9862
1269	9724
1270	9664
1271	9983
1272	10093
1273	9976
1274	9848
1275	9429
1276	9342
1277	10004
1278	10298
1279	10213
1280	10191
1281	9928
1282	9870
1283	9975
1284	10001
1285	10255
1286	10300
1287	10113
1288	10079
1289	10045
1290	10067
1291	9854
1292	9667
1293	9822
1294	9880
1295	9798
1296	10027
1297	9991
1298	10166
1299	10177
1300	10192
1301	10329
1302	10297
1303	10530
1304	10698
1305	10403
1306	10190
1307	10156
1308	10007
1309	10150
1310	10277
1311	10277
1312	10339
1313	10394
1314	10278
1315	10320
1316	10337
1317	10195
1318	10267
1319	10176
1320	9989
1321	10002
1322	10057
1323	10169
1324	10144
1325	10257
1326	10258
1327	10204
1328	10288
1329	10395
1330	10471
1331	10314
1332	10201
1333	10173
1334	10028
1335	10080
1336	10238
1337	10264
1338	10251
1339	10311
1340	10246
